MISSING PROJECT DOCUMENTS DIAGNOSIS
======================================================================

Total missing projects analyzed: 45

Valid Url: 45 projects
----------------------------------------------------------------------
  101000
  120043
  180318
  180349
  190277
  190405
  190412
  190413
  200224
  200321
  220085
  220101
  220122
  220123
  220131
  220225
  220231
  220239
  220240
  220242
  220244
  220247
  230053
  230272
  230303
  230307
  230309
  230310
  230311
  230345
  230346
  230347
  230350
  230351
  230352
  240028
  240044
  240069
  240089
  240145
  240167
  240368
  240374
  240396
  240425

