NULL VALUES ANALYSIS
======================================================================

Total documents: 1579

SUMMARY
----------------------------------------------------------------------
Missing brief_description only: 56
Missing challenges_problem_statements only: 345
Missing both: 184

Total with null brief_description: 240
Total with null challenges_problem_statements: 529


1. Missing brief_description only (56 projects):
----------------------------------------------------------------------
109000
109022
120545
130188
130240
130253
130314
140104
140132
140151
140159
140273
150006
150068
150079
150081
150084
150088
150092
150142
150146
150238
150259
160092
160198
170116
170207
180034
180041
180047
180049
180112
180250
180295
180336
190027
190145
190156
190180
190213
190230
190284
190289
190377
190409
200051
200052
200158
200198
200325
210183
210198
220209
230171
230214
240104

2. Missing challenges_problem_statements only (345 projects):
----------------------------------------------------------------------
100117
100292
100298
100308
100349
101072
101126
102012
103103
105005
105016
105020
105026
105044
105046
105061
105064
105085
105096
105112
105122
105127
105128
105141
105162
105166
105178
105218
105229
105236
105241
105244
105246
105257
105259
105272
105275
105295
105298
105314
105326
105327
105330
105333
105337
105338
105347
105352
105353
105354
105357
105358
105365
105366
105367
105373
105376
105377
105378
105383
105411
105412
105413
105415
105416
105417
105419
105420
105422
105423
105430
110035
110041
120021
120026
120221
120233
120234
120237
120361
120383
120399
120408
120417
120420
120489
120491
120511
120516
120537
120580
120582
120587
120589
120590
120600
120631
120632
120633
130028
130031
130035
130043
130051
130201
130228
130234
130282
130294
130312
140003
140005
140082
140098
140103
140143
140165
140181
140186
140190
140212
140269
140280
140286
140290
140303
140325
140351
140357
140358
140359
140361
140366
140390
140393
140400
150042
150056
150091
150102
150130
150150
150189
150195
150200
150202
150220
150232
150235
150272
150276
150358
150386
150410
150438
150449
150453
150469
160006
160007
160030
160074
160076
160085
160090
160099
160106
160109
160138
160254
160255
160271
160278
160279
160282
170023
170196
170234
170248
170254
170257
170263
170268
170269
170274
170275
170281
170283
170285
170290
180019
180046
180051
180068
180076
180102
180113
180154
180162
180169
180170
180171
180207
180224
180225
180226
180255
180262
180264
180266
180275
180276
180288
180335
180337
180339
180341
180343
180344
180346
180347
180349
180351
180352
180353
180354
180355
180356
180359
190015
190019
190074
190090
190153
190182
190196
190198
190219
190223
190275
190290
190298
190300
190326
190362
190379
190384
190389
190399
190405
190406
190412
200028
200038
200049
200145
200176
200177
200212
200213
200222
200232
200257
200265
200289
200308
200326
200328
210026
210071
210132
210175
210180
210185
210187
210190
210199
210274
210276
210277
220031
220070
220078
220101
220111
220122
220123
220126
220131
220193
220203
220208
220236
220238
220239
220240
220241
220242
230037
230040
230062
230079
230082
230209
230226
230228
230232
230257
230261
230267
230272
230311
230313
230320
230321
230323
230324
230329
230330
230346
230347
230351
230353
240023
240044
240069
240087
240088
240144
240145
240166
240167
240371
240374
240377
240381
240382
240405
240406
250046
250201
250209
250212
250227
250228

3. Missing both (184 projects):
----------------------------------------------------------------------
100128
100272
100307
100309
100312
100314
100315
102053
103002
104007
105066
105077
105094
105097
105130
105145
105189
105193
105228
105268
105281
105305
105306
105340
105343
105375
105380
105386
105410
105418
105421
105425
105427
108048
109028
110027
110028
120008
120009
120024
120025
120033
120077
120078
120081
120082
120103
120185
120257
120302
120326
120328
120329
120373
120374
120404
120416
120496
120508
120512
120522
120552
120574
120625
120627
120628
130095
130168
130169
130194
130317
130323
130324
140068
140089
140145
140166
140178
140185
140201
140365
140369
140370
140381
140383
150066
150073
150097
150190
150199
150207
150463
160004
160026
160064
160073
160233
160280
170079
170214
170216
170253
170255
180045
180089
180123
180125
180166
180261
180293
180345
180348
190035
190036
190173
190205
190222
190325
190401
190413
200016
200029
200035
200050
200080
200110
200120
200199
200206
200267
200288
200329
200330
210041
210101
210188
210189
210200
210271
210272
210273
210275
210280
210281
210283
210284
220003
220004
220061
220132
220136
220151
220196
220225
220231
230007
230053
230054
230078
230131
230148
230188
230216
230224
230303
230307
230310
230322
230342
240028
240089
240146
240198
240288
240326
240358
240362
240364
240376
240413
240414
240415
250088
250216


4. ALL PROJECT IDs WITH NULL VALUES (Total: 585):
----------------------------------------------------------------------
100117
100128
100272
100292
100298
100307
100308
100309
100312
100314
100315
100349
101072
101126
102012
102053
103002
103103
104007
105005
105016
105020
105026
105044
105046
105061
105064
105066
105077
105085
105094
105096
105097
105112
105122
105127
105128
105130
105141
105145
105162
105166
105178
105189
105193
105218
105228
105229
105236
105241
105244
105246
105257
105259
105268
105272
105275
105281
105295
105298
105305
105306
105314
105326
105327
105330
105333
105337
105338
105340
105343
105347
105352
105353
105354
105357
105358
105365
105366
105367
105373
105375
105376
105377
105378
105380
105383
105386
105410
105411
105412
105413
105415
105416
105417
105418
105419
105420
105421
105422
105423
105425
105427
105430
108048
109000
109022
109028
110027
110028
110035
110041
120008
120009
120021
120024
120025
120026
120033
120077
120078
120081
120082
120103
120185
120221
120233
120234
120237
120257
120302
120326
120328
120329
120361
120373
120374
120383
120399
120404
120408
120416
120417
120420
120489
120491
120496
120508
120511
120512
120516
120522
120537
120545
120552
120574
120580
120582
120587
120589
120590
120600
120625
120627
120628
120631
120632
120633
130028
130031
130035
130043
130051
130095
130168
130169
130188
130194
130201
130228
130234
130240
130253
130282
130294
130312
130314
130317
130323
130324
140003
140005
140068
140082
140089
140098
140103
140104
140132
140143
140145
140151
140159
140165
140166
140178
140181
140185
140186
140190
140201
140212
140269
140273
140280
140286
140290
140303
140325
140351
140357
140358
140359
140361
140365
140366
140369
140370
140381
140383
140390
140393
140400
150006
150042
150056
150066
150068
150073
150079
150081
150084
150088
150091
150092
150097
150102
150130
150142
150146
150150
150189
150190
150195
150199
150200
150202
150207
150220
150232
150235
150238
150259
150272
150276
150358
150386
150410
150438
150449
150453
150463
150469
160004
160006
160007
160026
160030
160064
160073
160074
160076
160085
160090
160092
160099
160106
160109
160138
160198
160233
160254
160255
160271
160278
160279
160280
160282
170023
170079
170116
170196
170207
170214
170216
170234
170248
170253
170254
170255
170257
170263
170268
170269
170274
170275
170281
170283
170285
170290
180019
180034
180041
180045
180046
180047
180049
180051
180068
180076
180089
180102
180112
180113
180123
180125
180154
180162
180166
180169
180170
180171
180207
180224
180225
180226
180250
180255
180261
180262
180264
180266
180275
180276
180288
180293
180295
180335
180336
180337
180339
180341
180343
180344
180345
180346
180347
180348
180349
180351
180352
180353
180354
180355
180356
180359
190015
190019
190027
190035
190036
190074
190090
190145
190153
190156
190173
190180
190182
190196
190198
190205
190213
190219
190222
190223
190230
190275
190284
190289
190290
190298
190300
190325
190326
190362
190377
190379
190384
190389
190399
190401
190405
190406
190409
190412
190413
200016
200028
200029
200035
200038
200049
200050
200051
200052
200080
200110
200120
200145
200158
200176
200177
200198
200199
200206
200212
200213
200222
200232
200257
200265
200267
200288
200289
200308
200325
200326
200328
200329
200330
210026
210041
210071
210101
210132
210175
210180
210183
210185
210187
210188
210189
210190
210198
210199
210200
210271
210272
210273
210274
210275
210276
210277
210280
210281
210283
210284
220003
220004
220031
220061
220070
220078
220101
220111
220122
220123
220126
220131
220132
220136
220151
220193
220196
220203
220208
220209
220225
220231
220236
220238
220239
220240
220241
220242
230007
230037
230040
230053
230054
230062
230078
230079
230082
230131
230148
230171
230188
230209
230214
230216
230224
230226
230228
230232
230257
230261
230267
230272
230303
230307
230310
230311
230313
230320
230321
230322
230323
230324
230329
230330
230342
230346
230347
230351
230353
240023
240028
240044
240069
240087
240088
240089
240104
240144
240145
240146
240166
240167
240198
240288
240326
240358
240362
240364
240371
240374
240376
240377
240381
240382
240405
240406
240413
240414
240415
250046
250088
250201
250209
250212
250216
250227
250228
