PROJECT DOCUMENT SUMMARY
======================================================================

1. Expected project docs (from managers_projects.xlsx where doc='yes'): 1927

2. Project documents found in cloud path:
   - Root folder (project docs): 1525 projects
   - Scanned folder: 345 projects
   - Total unique projects with documents: 1870

3. Missing project docs: 80

4. List of missing project IDs:
----------------------------------------------------------------------
      1. 100186
      2. 101000
      3. 120043
      4. 120508
      5. 140178
      6. 140381
      7. 150245
      8. 160105
      9. 160280
     10. 180155
     11. 180168
     12. 180318
     13. 180340
     14. 180341
     15. 180345
     16. 180348
     17. 180349
     18. 180352
     19. 180359
     20. 190173
     21. 190178
     22. 190198
     23. 190223
     24. 190277
     25. 190384
     26. 190389
     27. 190398
     28. 190405
     29. 190412
     30. 190413
     31. 200175
     32. 200177
     33. 200224
     34. 200265
     35. 200321
     36. 200329
     37. 200330
     38. 210185
     39. 210187
     40. 210188
     41. 210200
     42. 210275
     43. 210276
     44. 210277
     45. 210284
     46. 220085
     47. 220101
     48. 220122
     49. 220123
     50. 220131
     51. 220225
     52. 220231
     53. 220239
     54. 220240
     55. 220242
     56. 220244
     57. 220247
     58. 230053
     59. 230272
     60. 230303
     61. 230307
     62. 230309
     63. 230310
     64. 230311
     65. 230345
     66. 230346
     67. 230347
     68. 230350
     69. 230351
     70. 230352
     71. 240028
     72. 240044
     73. 240069
     74. 240089
     75. 240145
     76. 240167
     77. 240368
     78. 240374
     79. 240396
     80. 240425
----------------------------------------------------------------------
